1111 113313. 4⁷5 ι

131311, 3331313 13331311313313331311 selber spricht, 13 haben 311 J 3. Wie
313133313333 1572 hoeh in septentrione gertruden, 331 3113313133333·
333, 3331313 33311331 bey 1333, 333 113 83333 3131 33331331, 1131111133-
stoeben, rnd 3133 33333 331331 1113111311 331 1111311 133 333131333 peter 313131
313133133 ehren 3333333, 113 33333 331 133 33 3331331 131333333 31
auch 333 33131333 3333111313 Leuten am ersten ist vermerclret worden: 3133 1
311 33 3131 33331133 133333, 313 31 dieser 1313133 313133 (3311 31 3313133
3111131 bey der Sonuen, mitten in der 1131333133111113 leuehtet, 331 1311
331113 83333 3313133131, 3331 3111 331313 1113133 3131333 3311133133 131)
31333 nabere 3313331333 3111 dem Gelehrteu 133133 habe, 3311 arven denen,
(senderiieh 3111113113 331 113 Α311333131331 33313111) 133331 331 33331313131
33 vermerelren genest, 313 31131 31331333 petel.
Was nun 3313 1313311333 3313 3311, 1313313111131133 3131113133, 331
1133 1111313 333133, dass er eintweder 333 Μ33331133 331 3131113, 3131 3131
33111313 hehe 1311311133 1133 33 13133133 habe, die 31131 Μ3333133 81311
331 331333113131113133. Dan weil er 33 hech 31313113Ρ1333133 333133-
133, das 33 1313331133 311, nach Ceperniei 1311, 311 311313 131 Ρ1333133
011331 331331313133, 3331313 3331 113 333133 Η11313313 selber 3131113133
31313113 3333331331 33 3311333 3133 13313331 333 13111311313331313 33131333
1311 331 dieser grosseti conjunctione Saturni, 13313 3111311133131113 331
113 3313131333 113333 313133 3131 33133 331313313 313313333. Vud 33113
(1311, 133 doeh diejenige, 31111311333331131 13 3133331 anzahl viel 113331
33313313 333 31331333 113333 stamen macheu 331 13 11331111 331133 werden,
1333 113 3311 311333, Η313 Tychonis 1113113 Progymnasmata 333 1313 313133
133 1572. Jahrs 33331313313333, 1311111313 311133 3333331131133 1131133133
3313331133, 313 33113 113331313133 3311113131 3333113113113133133 333 Jove
331 Marte (senderiich weil er 11111311 331 333 1313313 313 313 3313313313
1133313131 13331 33131331) 3313113131 331133 3313, 13131333 blieben. 833-
· 3133 3313313131133 axioma 33 333133 331 3313313, 33 333133131331111
3133 13131 113113, 133 113 3313131333313313 31 Martis diesen 3131333 3333-
313131 13133 33113; 33313 1311 1311 dieser allegoria 331 33 1131111311 331
meisterlich 33 spilen, 313 andere thun werden: Wie nemiieh 113 Mathema-
tici nach dreyen 3133333 8131333 333313331, 3131333313311333131333131
33133133, 13131311 33 1313 33333 3131313111333 133133313311, 31333133
11311111133331113111333 Ρ13331311. Vnd das der 3113 113113331111133 83131333,
der' 31131133 Jupiter, 331 131 3113111313 Μ313 331 313313 1313131333 13
13313 31 templo Jovis 33333133 1111333333, 3113 Jupiter 331 Μ313 331 3133
331133 331131133, 31333 33333 8131333 31331131, 331 33 1331 3131 313133-
331331331 3111111131, 33 1131313 13113 3131 33331331313 Saturnum buchhen
mtisseu, seyen also nach verriehter 333131131313131311313131131333 331333
Ρ1313333333. 83131333 3131111313 31311333 mr 1333, 331113333 3333333
3131331 doeh, 33 1313 331 1313333Ι 33 1333 33 133133 1313, 3311383131-
333 3131 313131133 331 11111133 13311133, 331 33131 1133, 313 331 331111311
1313131313313113333. Doeh 333 1133 331313 3311113133, 331 3131133 113 Ρ13-
33133331 13333, 13131 3333 11333333 3131133 bieibe, 313 1111333333 3131
auch wieder, 331 331133 133 313133333331131311331113311131311331131333 ’
33133313311333133111. Woi 33113 1311 311 1333333, 133 113331313133
1311333133311333 13313 331 Martis 33 1313 333313331311 habe, 3313133133
3333133 33113, 13311311 331131 (131 313113 13 131 Welt 33131 111 111313
33311111 31333 33111331, 331 133 Μ333311113113 3333113311 13 1133313 331131·

 

